000011
000002
000003
000004
000005
000001
000002
000003
000004
000005
000001
000002
000003
000004
000005
000000
000000
000000
000000
000066
Team patato
Team tim
Team avicardo
Team apple
000000
000000
000000
000000
000000
000000
000000
000000
000000
000000
000000
000000
000000
000000
000000
000000
000000
000000
000000
000000
Team patato
Team tim
Team avicardo
Team apple
000000
000000
000000
000000
000000
000000
000000
000000
000000
000000
000000
000000
000000
000000
000000
000000
000000
000000
000000
000000
Team patato
Team tim
Team avicardo
Team apple
000000
000000
000000
000000
000000
000000
000000
000000
000000
000000
000000
000000
000000
000000
000000
000000
000000
000000
000000
000000
Team patato
Team tim
Team avicardo
Team apple
000000
000000
000000
000000
000000
000000
000000
000000
000000
000000
000000
000000
000000
000000
000000
000000
000000
000000
000000
000000
Team patato
Team tim
Team avicardo
Team apple
000000
000000
000000
000000
000000
000000
000000
000000
000000
000000
000000
000000
000000
000000
000000
000000
000000
000000
000000
000000
000000
000000
000000
000000
000000
000000
000000
000000
000000
000000
000000
000000
000000
000000
000000
000000
000000
000000
000000
000000